<단순 GA 방식 적용>
Total process count: 5296 (84027.9894 seconds)
Found threshold: [1.0][0.832, 0.001, 0.001, 0.502, 0.904, 0.001, 0.73, 0.001, 0.001, 0.001, 1.0]

<기준점 조정 이후 GA 방식 적용>
Start threshold: [1.0][0.84, 0.51, 0.52, 0.49, 0.75, 0.41, 0.59, 0.46, 0.33, 0.44, 0.39]
Total process count: 3026 (44614.1117 seconds)
Found threshold: [1.0][0.832, 0.001, 0.001, 0.001, 0.743, 0.001, 0.585, 0.001, 0.001, 0.001, 0.0]

<최종 GA 방식 적용>
Total process count: 325 (3450.7261 seconds)
Found threshold: [1.0][0.832, 0.502, 0.501, 0.502, 0.743, 0.501, 0.585, 0.504, 0.5, 0.506, 0.502]

<Random forest session result>
[2020-09-01 19:51:08] Train Result
[2020-09-01 19:51:08] Accuracy: 0.998960338906915
[2020-09-01 19:51:08] Precision: 0.9994810223782153
[2020-09-01 19:51:08] Recall: 0.9700545912617623
[2020-09-01 19:51:08] F1-Score: 0.9818950827591802
Train confusion matrix
 318163    433      4      0      0      0      4      0      1      0      0
      0    898      0      0      0      0      0      0      0      0      0
      0      0  89555      0      0      0      0      0      0      0      0
      0      0      0   7134      1      0      0      0      0      0      0
    119      0      0      0 161493      0      0      0      2      0      0
      0      0      0      0      0   3745      0      0      0      0      0
      0      0      0      0      0      8   4069      0      0      0      0
      0      0      0      0      0      0      0   5565      0      0      0
    164      0      0      0      0      0      0      0 111372      0      0
      0      0      0      0      0      0      0      0      0   4140      0
      0      0      0      0      0      0      0      0      0      0   1053

[2020-09-01 19:51:08] Test Result
[2020-09-01 19:51:08] Accuracy: 0.9984607575577793
[2020-09-01 19:51:08] Precision: 0.9911397086527711
[2020-09-01 19:51:08] Recall: 0.9614594882884084
[2020-09-01 19:51:08] F1-Score: 0.9731063161998978
Test confusion matrix
 135998    253     15      1     13      5      3      0      0      1      3
     29    382      0      0      0      0      0      0      0      0      0
      2      0  38452      0      0      0      0      0      0      0      0
      1      0      0   3148      2      1      0      0      0      0      0
     49      0      1      8  69453      0      0      0      7      0      0
      2      0      0      2      0   1661      2      0      0      0      0
      0      0      0      0      0      8   1713      0      0      0      0
      0      0      0      0      0      0      0   2373      0      0      0
     52      0      0      0      1      0      0      0  47542      0      0
      0      0      0      0      0      0      0      0      0   1756      0
      0      0      0      0      1      1      2      0      2      0    451

Row: Predict, Col: Real

<Decision tree session result>
[2020-09-01 19:51:55] Train Result
[2020-09-01 19:51:55] Accuracy: 0.99984461586924
[2020-09-01 19:51:55] Precision: 0.9998577103688145
[2020-09-01 19:51:55] Recall: 0.9998472739382517
[2020-09-01 19:51:55] F1-Score: 0.9998524439283586
Train confusion matrix
 318392      0      0      0      8      0      0      0     44      0      0
      0   1331      0      0      0      0      0      0      0      0      0
      0      0  89559      0      0      0      0      0      0      0      0
      0      0      0   7134      0      0      0      0      0      0      0
     23      0      0      0 161486      0      0      0      0      0      0
      0      0      0      0      0   3749      0      0      0      0      0
      0      0      0      0      0      4   4073      0      0      0      0
      0      0      0      0      0      0      0   5565      0      0      0
     31      0      0      0      0      0      0      0 111331      0      0
      0      0      0      0      0      0      0      0      0   4140      0
      0      0      0      0      0      0      0      0      0      0   1053

Row: Predict, Col: Real
[2020-09-01 19:51:55] Test Result
[2020-09-01 19:51:55] Accuracy: 0.9988002478608815
[2020-09-01 19:51:55] Precision: 0.9896329330246044
[2020-09-01 19:51:55] Recall: 0.989172857774999
[2020-09-01 19:51:55] F1-Score: 0.9893933113149285
Test confusion matrix
 135997     55      6      2     24      1      1      0     79      0      5
     44    580      0      0      0      0      0      0      0      0      0
     10      0  38456      0      1      0      0      0      0      0      0
      3      0      1   3147      2      1      0      0      0      0      0
     19      0      5      8  69434      0      0      0      7      0      0
      2      0      0      2      2   1664      3      0      0      0      0
      7      0      0      0      0      8   1712      0      0      0      0
      0      0      0      0      0      0      0   2373      0      0      0
     48      0      0      0      6      0      0      0  47464      0      1
      0      0      0      0      0      0      0      0      0   1757      0
      3      0      0      0      1      2      4      0      1      0    448

Row: Predict, Col: Real

<Extra tree session result>
[2020-09-01 19:52:20] Train Result
[2020-09-01 19:52:20] Accuracy: 0.99984461586924
[2020-09-01 19:52:20] Precision: 0.9998519411795704
[2020-09-01 19:52:20] Recall: 0.99985298327387
[2020-09-01 19:52:20] F1-Score: 0.999852449792801
Train confusion matrix
 318392      0      0      0      8      0      0      0     44      0      0
      0   1331      0      0      0      0      0      0      0      0      0
      0      0  89559      0      0      0      0      0      0      0      0
      0      0      0   7134      0      0      0      0      0      0      0
     23      0      0      0 161486      0      0      0      0      0      0
      0      0      0      0      0   3752      3      0      0      0      0
      0      0      0      0      0      1   4070      0      0      0      0
      0      0      0      0      0      0      0   5565      0      0      0
     31      0      0      0      0      0      0      0 111331      0      0
      0      0      0      0      0      0      0      0      0   4140      0
      0      0      0      0      0      0      0      0      0      0   1053

Row: Predict, Col: Real
[2020-09-01 19:52:20] Test Result
[2020-09-01 19:52:20] Accuracy: 0.9974884309615156
[2020-09-01 19:52:20] Precision: 0.9751106028492541
[2020-09-01 19:52:20] Recall: 0.9775510512747293
[2020-09-01 19:52:20] F1-Score: 0.9763178604738091
Test confusion matrix
 135769    116     23      5     65      3      3      2     75      6      8
    108    519      0      0      0      0      0      0      0      0      0
     24      0  38433      0     16      0      0      0      1      0      0
     18      0      4   3146      3      3      0      0      0      0      0
    106      0      7      6  69377      0      0      0      6      0      0
     13      0      0      2      0   1658      8      0      0      0      0
     13      0      0      0      0     11   1706      2      0      0      1
      1      0      0      0      0      0      1   2367      0      0      0
     54      0      0      0      8      0      0      0  47467      0      0
     13      0      0      0      0      0      0      2      0   1751      4
     14      0      1      0      1      1      2      0      2      0    441

Row: Predict, Col: Real

<Adaboost decision tree session result>
[2020-09-01 20:09:53] Train Result
[2020-09-01 20:09:53] Accuracy: 0.99984461586924
[2020-09-01 20:09:53] Precision: 0.9998560467216443
[2020-09-01 20:09:53] Recall: 0.9998489386277112
[2020-09-01 20:09:53] F1-Score: 0.9998524439674054
Train confusion matrix
 318386      0      0      0      2      0      0      0     44      0      0
      0   1331      0      0      0      0      0      0      0      0      0
      0      0  89559      0      0      0      0      0      0      0      0
      0      0      0   7134      0      0      0      0      0      0      0
     29      0      0      0 161492      0      0      0      0      0      0
      0      0      0      0      0   3749      0      0      0      0      0
      0      0      0      0      0      4   4073      0      0      0      0
      0      0      0      0      0      0      0   5565      0      0      0
     31      0      0      0      0      0      0      0 111331      0      0
      0      0      0      0      0      0      0      0      0   4140      0
      0      0      0      0      0      0      0      0      0      0   1053

Row: Predict, Col: Real
[2020-09-01 20:09:53] Test Result
[2020-09-01 20:09:53] Accuracy: 0.9991166660074622
[2020-09-01 20:09:53] Precision: 0.9925189387611433
[2020-09-01 20:09:53] Recall: 0.9918729298306119
[2020-09-01 20:09:53] F1-Score: 0.9921861548248349
Test confusion matrix
 136035     41      8      2     10      2      2      0     59      0      3
     31    594      0      0      0      0      0      0      0      0      0
      1      0  38459      0      0      0      0      0      0      0      0
      2      0      0   3149      1      1      0      0      0      0      0
     13      0      1      6  69453      0      0      0      8      0      0
      2      0      0      2      0   1663      2      0      0      0      0
      2      0      0      0      0      8   1712      0      0      0      0
      0      0      0      0      0      0      0   2373      0      0      0
     47      0      0      0      5      0      0      0  47482      0      0
      0      0      0      0      0      0      0      0      0   1757      0
      0      0      0      0      1      2      4      0      2      0    451

Row: Predict, Col: Real

<Adaboost random forest session result>
[2020-09-01 20:36:51] Train Result
[2020-09-01 20:36:51] Accuracy: 0.9998206019581226
[2020-09-01 20:36:51] Precision: 0.99983761101767
[2020-09-01 20:36:51] Recall: 0.9996467631661292
[2020-09-01 20:36:51] F1-Score: 0.9997420211743016
Train confusion matrix
 318358      3      1      0      0      0      0      0     31      0      0
      0   1328      0      0      0      0      0      0      0      0      0
      0      0  89558      0      0      0      0      0      0      0      0
      0      0      0   7134      0      0      0      0      0      0      0
     34      0      0      0 161494      0      0      0      0      0      0
      0      0      0      0      0   3749      0      0      0      0      0
      0      0      0      0      0      4   4073      0      0      0      0
      0      0      0      0      0      0      0   5565      0      0      0
     54      0      0      0      0      0      0      0 111344      0      0
      0      0      0      0      0      0      0      0      0   4140      0
      0      0      0      0      0      0      0      0      0      0   1053

Row: Predict, Col: Real
[2020-09-01 20:36:51] Test Result
[2020-09-01 20:36:51] Accuracy: 0.9989584569341718
[2020-09-01 20:36:51] Precision: 0.9941689628101524
[2020-09-01 20:36:51] Recall: 0.9846593943277228
[2020-09-01 20:36:51] F1-Score: 0.9891636470153548
Test confusion matrix
 136046     89     16      3     16      6      4      4     52      2      3
     23    546      0      0      0      0      0      0      0      0      0
      0      0  38452      0      0      0      0      0      0      0      0
      0      0      0   3146      1      1      0      0      0      0      0
     14      0      0      8  69449      0      0      0      6      0      0
      2      0      0      2      0   1662      1      0      0      0      0
      0      0      0      0      0      7   1713      0      0      0      0
      0      0      0      0      0      0      0   2369      0      0      0
     47      0      0      0      3      0      0      0  47491      0      0
      0      0      0      0      0      0      0      0      0   1755      0
      1      0      0      0      1      0      2      0      2      0    451

Row: Predict, Col: Real

<Gradient boosting session result>
[2020-09-01 22:20:14] Train Result
[2020-09-01 22:20:14] Accuracy: 0.9953850913164285
[2020-09-01 22:20:14] Precision: 0.9237215126091055
[2020-09-01 22:20:14] Recall: 0.951023956238641
[2020-09-01 22:20:14] F1-Score: 0.9296009958124241
Train confusion matrix
 316780    503     69     37    162     83    211      4     43      1     35
    209    828      0      0      0      0      0      0    119      0      0
     14      0  89486      0      0      0      0      0      0      0      0
     10      0      0   7085      7      1      1      0      0      0      0
    253      0      4      8 161220     38     25      0     61      2      0
     30      0      0      4      4   3575      0      0      0      0      0
     43      0      0      0      0     19   3822      0      0      0      0
      0      0      0      0      0      0      0   5560      0      0      0
    170      0      0      0      0      0      0      0 111146      1      0
      0      0      0      0      0      0      0      0      0   4136      0
    937      0      0      0    101     37     14      1      6      0   1018

Row: Predict, Col: Real
[2020-09-01 22:20:14] Test Result
[2020-09-01 22:20:14] Accuracy: 0.9953592005168163
[2020-09-01 22:20:14] Precision: 0.9277256849787844
[2020-09-01 22:20:14] Recall: 0.9513499389453064
[2020-09-01 22:20:14] F1-Score: 0.9313345150071309
Test confusion matrix
 135422    237     37     12     63     32    103      4     12      2     12
     80    396      0      0      0      0      0      0     41      0      0
      8      0  38426      0      1      0      0      0      0      0      0
     12      0      0   3139      1      2      1      0      0      0      0
    105      0      5      5  69365     12     12      0     26      2      1
     18      0      0      3      2   1611      3      0      0      0      0
     20      0      0      0      0      5   1597      0      0      0      0
      0      0      0      0      0      0      0   2369      0      0      0
     56      1      0      0      0      0      0      0  47469      0      0
      0      0      0      0      0      0      0      0      0   1753      0
    412      1      0      0     38     14      4      0      3      0    441

Row: Predict, Col: Real
